0.08648845508824876
0.7770163316109271
0.7788143433233068
0.8175150826824809
0.8137026691974795
0.8206253625361978
0.8176943713371192
0.828307349931599
0.81818070235307
0.8222179055239515
0.8217188232236208
0.8244169022174453
0.8263150738919616
0.8242093019018405
0.8236037780606861
0.8286870824694699
0.826111894851978
0.8296382682090636
0.8304540769645377
0.8323986951020248
0.8252794241508364
0.8295619315340432
0.8254551634514684
0.8239995218157344
0.8275114643081415
0.8202584710694975
0.8276391843288149
0.8244540075364064
0.8319109857936142
0.8284494413557145
0.8234793957498151
0.8314687818448996
0.831482868398421
0.8283455356621879
0.8290554310415625
0.8293121354279783
0.8276513014166095
0.8229644508324361
0.8271440393625423
0.8284247042498165
0.8216204607789509
0.8289825623888746
